# 400m跑道轨迹 421点
22.6877725,114.2034827
22.6877785,114.2034763
22.6877844,114.2034698
22.6877904,114.2034634
22.6877963,114.2034569
22.6878023,114.2034504
22.6878083,114.2034440
22.6878142,114.2034375
22.6878202,114.2034311
22.6878261,114.2034246
22.6878321,114.2034182
22.6878380,114.2034117
22.6878440,114.2034053
22.6878499,114.2033988
22.6878559,114.2033923
22.6878619,114.2033859
22.6878678,114.2033794
22.6878738,114.2033730
22.6878797,114.2033665
22.6878857,114.2033601
22.6878916,114.2033536
22.6878976,114.2033472
22.6879036,114.2033407
22.6879095,114.2033342
22.6879155,114.2033278
22.6879214,114.2033213
22.6879274,114.2033149
22.6879333,114.2033084
22.6879393,114.2033020
22.6879452,114.2032955
22.6879512,114.2032891
22.6879572,114.2032826
22.6879631,114.2032761
22.6879691,114.2032697
22.6879750,114.2032632
22.6879810,114.2032568
22.6879869,114.2032503
22.6879929,114.2032439
22.6879988,114.2032374
22.6880048,114.2032310
22.6880108,114.2032245
22.6880167,114.2032180
22.6880227,114.2032116
22.6880286,114.2032051
22.6880346,114.2031987
22.6880405,114.2031922
22.6880465,114.2031858
22.6880525,114.2031793
22.6880584,114.2031729
22.6880644,114.2031664
22.6880703,114.2031599
22.6880763,114.2031535
22.6880822,114.2031470
22.6880882,114.2031406
22.6880941,114.2031341
22.6881001,114.2031277
22.6881061,114.2031212
22.6881120,114.2031148
22.6881180,114.2031083
22.6881239,114.2031018
22.6881299,114.2030954
22.6881358,114.2030889
22.6881418,114.2030825
22.6881477,114.2030760
22.6881537,114.2030696
22.6881597,114.2030631
22.6881656,114.2030567
22.6881716,114.2030502
22.6881775,114.2030437
22.6881835,114.2030373
22.6881894,114.2030308
22.6881954,114.2030244
22.6882014,114.2030179
22.6882073,114.2030115
22.6882133,114.2030050
22.6882192,114.2029986
22.6882252,114.2029921
22.6882311,114.2029856
22.6882371,114.2029792
22.6882430,114.2029727
22.6882490,114.2029663
22.6882550,114.2029598
22.6882609,114.2029534
22.6882669,114.2029469
22.6882728,114.2029405
22.6882788,114.2029340
22.6882847,114.2029275
22.6882907,114.2029211
22.6882967,114.2029146
22.6883026,114.2029082
22.6883086,114.2029017
22.6883146,114.2028951
22.6883204,114.2028882
22.6883260,114.2028812
22.6883315,114.2028741
22.6883368,114.2028668
22.6883420,114.2028593
22.6883469,114.2028517
22.6883517,114.2028440
22.6883563,114.2028361
22.6883607,114.2028281
22.6883649,114.2028200
22.6883689,114.2028118
22.6883727,114.2028034
22.6883763,114.2027950
22.6883796,114.2027864
22.6883828,114.2027778
22.6883858,114.2027691
22.6883886,114.2027602
22.6883911,114.2027514
22.6883934,114.2027424
22.6883955,114.2027334
22.6883974,114.2027243
22.6883991,114.2027152
22.6884006,114.2027060
22.6884018,114.2026968
22.6884028,114.2026876
22.6884036,114.2026783
22.6884041,114.2026690
22.6884045,114.2026597
22.6884046,114.2026504
22.6884045,114.2026411
22.6884041,114.2026318
22.6884036,114.2026225
22.6884028,114.2026133
22.6884018,114.2026040
22.6884006,114.2025948
22.6883991,114.2025857
22.6883974,114.2025765
22.6883955,114.2025675
22.6883934,114.2025584
22.6883911,114.2025495
22.6883886,114.2025406
22.6883858,114.2025318
22.6883828,114.2025231
22.6883796,114.2025144
22.6883763,114.2025059
22.6883727,114.2024974
22.6883689,114.2024891
22.6883649,114.2024809
22.6883607,114.2024727
22.6883563,114.2024647
22.6883517,114.2024569
22.6883469,114.2024491
22.6883420,114.2024415
22.6883368,114.2024341
22.6883315,114.2024268
22.6883260,114.2024196
22.6883204,114.2024126
22.6883146,114.2024058
22.6883086,114.2023991
22.6883024,114.2023926
22.6882961,114.2023863
22.6882897,114.2023802
22.6882831,114.2023742
22.6882763,114.2023685
22.6882694,114.2023629
22.6882624,114.2023575
22.6882553,114.2023524
22.6882480,114.2023474
22.6882407,114.2023427
22.6882332,114.2023381
22.6882256,114.2023338
22.6882179,114.2023297
22.6882101,114.2023258
22.6882022,114.2023221
22.6881942,114.2023187
22.6881862,114.2023154
22.6881780,114.2023124
22.6881698,114.2023097
22.6881616,114.2023072
22.6881533,114.2023049
22.6881449,114.2023028
22.6881365,114.2023010
22.6881280,114.2022994
22.6881195,114.2022981
22.6881110,114.2022970
22.6881024,114.2022961
22.6880939,114.2022955
22.6880853,114.2022952
22.6880767,114.2022950
22.6880681,114.2022952
22.6880596,114.2022955
22.6880510,114.2022961
22.6880424,114.2022970
22.6880339,114.2022981
22.6880254,114.2022994
22.6880170,114.2023010
22.6880085,114.2023028
22.6880002,114.2023049
22.6879919,114.2023072
22.6879836,114.2023097
22.6879754,114.2023124
22.6879673,114.2023154
22.6879592,114.2023187
22.6879512,114.2023221
22.6879434,114.2023258
22.6879356,114.2023297
22.6879279,114.2023338
22.6879203,114.2023381
22.6879128,114.2023427
22.6879054,114.2023474
22.6878981,114.2023524
22.6878910,114.2023575
22.6878840,114.2023629
22.6878771,114.2023685
22.6878704,114.2023742
22.6878638,114.2023802
22.6878573,114.2023863
22.6878510,114.2023926
22.6878449,114.2023991
22.6878389,114.2024056
22.6878330,114.2024120
22.6878270,114.2024185
22.6878210,114.2024250
22.6878151,114.2024314
22.6878091,114.2024379
22.6878032,114.2024443
22.6877972,114.2024508
22.6877913,114.2024572
22.6877853,114.2024637
22.6877793,114.2024701
22.6877734,114.2024766
22.6877674,114.2024831
22.6877615,114.2024895
22.6877555,114.2024960
22.6877496,114.2025024
22.6877436,114.2025089
22.6877377,114.2025153
22.6877317,114.2025218
22.6877257,114.2025282
22.6877198,114.2025347
22.6877138,114.2025412
22.6877079,114.2025476
22.6877019,114.2025541
22.6876960,114.2025605
22.6876900,114.2025670
22.6876841,114.2025734
22.6876781,114.2025799
22.6876721,114.2025863
22.6876662,114.2025928
22.6876602,114.2025993
22.6876543,114.2026057
22.6876483,114.2026122
22.6876424,114.2026186
22.6876364,114.2026251
22.6876304,114.2026315
22.6876245,114.2026380
22.6876185,114.2026444
22.6876126,114.2026509
22.6876066,114.2026574
22.6876007,114.2026638
22.6875947,114.2026703
22.6875888,114.2026767
22.6875828,114.2026832
22.6875768,114.2026896
22.6875709,114.2026961
22.6875649,114.2027025
22.6875590,114.2027090
22.6875530,114.2027155
22.6875471,114.2027219
22.6875411,114.2027284
22.6875352,114.2027348
22.6875292,114.2027413
22.6875232,114.2027477
22.6875173,114.2027542
22.6875113,114.2027606
22.6875054,114.2027671
22.6874994,114.2027736
22.6874935,114.2027800
22.6874875,114.2027865
22.6874815,114.2027929
22.6874756,114.2027994
22.6874696,114.2028058
22.6874637,114.2028123
22.6874577,114.2028187
22.6874518,114.2028252
22.6874458,114.2028317
22.6874399,114.2028381
22.6874339,114.2028446
22.6874279,114.2028510
22.6874220,114.2028575
22.6874160,114.2028639
22.6874101,114.2028704
22.6874041,114.2028769
22.6873982,114.2028833
22.6873922,114.2028898
22.6873862,114.2028962
22.6873803,114.2029027
22.6873743,114.2029091
22.6873684,114.2029156
22.6873624,114.2029220
22.6873565,114.2029285
22.6873505,114.2029350
22.6873446,114.2029414
22.6873386,114.2029479
22.6873326,114.2029543
22.6873267,114.2029608
22.6873207,114.2029672
22.6873148,114.2029737
22.6873088,114.2029801
22.6873028,114.2029868
22.6872970,114.2029936
22.6872913,114.2030006
22.6872859,114.2030078
22.6872805,114.2030151
22.6872754,114.2030225
22.6872705,114.2030301
22.6872657,114.2030379
22.6872611,114.2030457
22.6872567,114.2030537
22.6872525,114.2030619
22.6872485,114.2030701
22.6872447,114.2030784
22.6872411,114.2030869
22.6872377,114.2030954
22.6872346,114.2031041
22.6872316,114.2031128
22.6872288,114.2031216
22.6872263,114.2031305
22.6872240,114.2031395
22.6872218,114.2031485
22.6872199,114.2031575
22.6872183,114.2031667
22.6872168,114.2031758
22.6872156,114.2031850
22.6872146,114.2031943
22.6872138,114.2032036
22.6872132,114.2032128
22.6872129,114.2032221
22.6872128,114.2032314
22.6872129,114.2032407
22.6872132,114.2032500
22.6872138,114.2032593
22.6872146,114.2032686
22.6872156,114.2032778
22.6872168,114.2032870
22.6872183,114.2032962
22.6872199,114.2033053
22.6872218,114.2033144
22.6872240,114.2033234
22.6872263,114.2033324
22.6872288,114.2033413
22.6872316,114.2033501
22.6872346,114.2033588
22.6872377,114.2033674
22.6872411,114.2033760
22.6872447,114.2033844
22.6872485,114.2033928
22.6872525,114.2034010
22.6872567,114.2034091
22.6872611,114.2034171
22.6872657,114.2034250
22.6872705,114.2034327
22.6872754,114.2034403
22.6872805,114.2034478
22.6872859,114.2034551
22.6872913,114.2034622
22.6872970,114.2034692
22.6873028,114.2034761
22.6873088,114.2034827
22.6873150,114.2034892
22.6873213,114.2034955
22.6873277,114.2035017
22.6873343,114.2035076
22.6873411,114.2035134
22.6873479,114.2035189
22.6873550,114.2035243
22.6873621,114.2035295
22.6873693,114.2035344
22.6873767,114.2035392
22.6873842,114.2035438
22.6873918,114.2035481
22.6873995,114.2035522
22.6874073,114.2035561
22.6874152,114.2035598
22.6874232,114.2035632
22.6874312,114.2035664
22.6874393,114.2035694
22.6874475,114.2035722
22.6874558,114.2035747
22.6874641,114.2035770
22.6874725,114.2035791
22.6874809,114.2035809
22.6874894,114.2035824
22.6874979,114.2035838
22.6875064,114.2035849
22.6875149,114.2035857
22.6875235,114.2035863
22.6875321,114.2035867
22.6875407,114.2035868
22.6875493,114.2035867
22.6875578,114.2035863
22.6875664,114.2035857
22.6875749,114.2035849
22.6875835,114.2035838
22.6875920,114.2035824
22.6876004,114.2035809
22.6876088,114.2035791
22.6876172,114.2035770
22.6876255,114.2035747
22.6876338,114.2035722
22.6876420,114.2035694
22.6876501,114.2035664
22.6876582,114.2035632
22.6876661,114.2035598
22.6876740,114.2035561
22.6876818,114.2035522
22.6876895,114.2035481
22.6876971,114.2035438
22.6877046,114.2035392
22.6877120,114.2035344
22.6877192,114.2035295
22.6877264,114.2035243
22.6877334,114.2035189
22.6877403,114.2035134
22.6877470,114.2035076
22.6877536,114.2035017
22.6877601,114.2034955
22.6877664,114.2034892
22.6877725,114.2034827
